0 513 747
0 789 1432
0 1916 2021
0 2275 2542
0 2814 3429
0 4630 4732
0 4806 4979
0 6188 6305
0 15476 15716
0 17636 17722
0 21662 21716
0 25413 25584
0 27220 27836
0 28195 28258
0 46663 47252
0 48011 48125
0 50392 50455
1 3140 3445
1 3615 3717
1 3985 4507
1 4700 5179
1 5351 5397
1 5804 5858
1 6218 6278
1 7745 7805
1 7866 7928
1 8415 8507
1 8659 8771
1 11888 12416
1 12598 12638
1 12916 13050
1 14626 14680
1 18155 18699
1 18839 19551
1 19735 19813
1 19892 19951
1 20079 21934
1 22342 22394
1 23333 23780
1 23959 24179
1 24387 24462
1 24851 25018
1 25146 25171
1 25365 25691
1 25994 26206
1 26340 26550
1 26633 26714
1 28049 28183
1 28261 28472
1 29028 29391
1 29838 30077
1 31605 31940
1 31980 32047
1 36155 36799
1 36837 36884
1 37136 37250
1 39850 40160
1 40290 40875
1 41192 41253
1 44544 44603
1 45710 45819
1 47137 47201
1 47723 47977
1 48195 48272
1 48797 48841
1 48913 49009
1 50049 50161
1 50708 50889
1 51006 51213
1 51389 51791
1 51901 52576
2 519 563
2 1178 1238
2 2364 2555
2 2642 2704
2 4421 4521
2 6235 6281
2 13220 14011
2 14147 14446
2 28474 29025
2 29393 29757
2 29795 29968
2 33785 33904
2 34235 34507
2 36892 36963
2 37402 37832
2 38073 38618
2 38739 39271
2 39364 39395
2 40163 40288
2 40894 41150
2 42170 42260
2 42804 42876
2 43380 43871
2 44048 44167
2 44348 44419
2 45312 45393
2 45834 45888
2 46602 46661
2 48452 48530
2 48568 48715
2 48858 48911
2 49892 49994
2 50216 50317
2 50891 51004
2 55027 55077
2 55623 55674
3 1 512
3 581 939
3 1089 1359
3 1631 1701
3 1892 2202
3 2267 2896
3 2950 3589
3 3591 3665
3 3715 3983
3 4286 4390
3 4554 4682
3 5055 5128
3 5264 5374
3 5481 5682
3 6019 6441
3 7127 7200
3 11927 11987
3 12455 12625
3 12808 13120
3 13241 13293
3 19734 19834
3 19953 20211
3 20358 20458
3 25134 25860
3 25932 26005
3 26414 27233
3 27302 27439
3 27723 28123
3 37835 38158
3 38466 38799
3 39184 39258
3 39364 39847
3 45893 45971
3 48717 48783
3 50319 50387
4 1241 1427
4 6211 6318
4 47979 48033
5 1083 1247
5 1378 1629
5 1703 1889
5 2037 2529
5 2801 2876
5 3724 3825
5 4013 4552
5 5002 5486
5 5684 6017
5 6148 7876
5 7930 11886
5 12354 12466
5 12569 12884
5 13123 13295
5 13960 14144
5 14222 15474
5 15626 18152
5 18699 18836
5 19446 19732
5 19826 19889
5 19982 20142
5 21568 21698
5 21937 23462
5 23496 23626
5 23761 23957
5 24053 25131
5 25602 25988
5 26110 26489
5 26996 27153
5 27847 27961
5 28185 28246
5 29213 29364
5 29729 29793
5 29869 29998
5 30046 31602
5 31882 32003
5 32050 33807
5 33906 36247
5 36706 36890
5 36965 37400
5 39261 39362
5 39401 39494
5 40815 41107
5 41152 42167
5 42253 43495
5 43846 45313
5 45391 45890
5 45974 46599
5 47203 47728
5 48107 48565
5 48751 48866
5 49011 49890
5 49988 50047
5 50144 50237
5 50389 50706
5 51062 51416
5 51726 51898
5 51966 52021
5 52578 56218
